59.5409 keV Photopeak

Fit:
87867.2157086686 309.16942790131867 1.7777378442548897 1.5528989141831984 554606757.2460462 -7295266.267697533 35955.61144876434 -78.69223030512516 0.06452767528065806 

Covariance Matrix:
1154772.1027811 -19.348213196646377 5.4599602039164825 -53.91926163973601 261434173135.32935 -3427635598.9587803 16844106.903418947 -36771.283868834435 30.08787128322781 
-19.348213196646377 0.0003620174232152787 -0.00010535743663254772 0.000972955620128651 -4617307.086279738 60534.27336588704 -297.4637650691405 0.6493418180483961 -0.0005312924607644204 
5.4599602039164825 -0.00010535743663254772 4.825424296896389e-05 -0.0002736241110001677 1217756.819209859 -15973.851563923874 78.538331853185 -0.17153902922118133 0.00014043254090590068 
-53.91926163973601 0.000972955620128651 -0.0002736241110001677 0.0027444804865747875 -13331988.487266028 174785.59260877589 -858.8882312570663 1.8748839700753366 -0.0015340279704376242 
261434173135.32935 -4617307.086279738 1217756.819209859 -13331988.487266028 7.015353624833145e+16 -919666225335394.8 4518901785101.523 -9863793985.582663 8070081.792475487 
-3427635598.9587803 60534.27336588704 -15973.851563923874 174785.59260877589 -919666225335394.8 12056234220922.188 -59240009089.900894 129308474.23046133 -105794.16517159378 
16844106.903418947 -297.4637650691405 78.538331853185 -858.8882312570663 4518901785101.523 -59240009089.900894 291084672.16060543 -635377.7381141486 519.8373913118517 
-36771.283868834435 0.6493418180483961 -0.17153902922118133 1.8748839700753366 -9863793985.582663 129308474.23046133 -635377.7381141486 1386.900944136661 -1.1347018482261808 
30.08787128322781 -0.0005312924607644204 0.00014043254090590068 -0.0015340279704376242 8070081.792475487 -105794.16517159378 519.8373913118517 -1.1347018482261808 0.0009283652694687611 
