59.5409 keV Photopeak

Net Area:
391547.5553942989 +/- 5972.618009969197

Fit:
87867.2157086686 309.16942790131867 1.7777378442548897 1.5528989141831984 554606757.2460462 -7295266.267697533 35955.61144876434 -78.69223030512516 0.06452767528065806 

Covariance Matrix:
1154772.1027810995 -19.348213196646373 5.4599602039164825 -53.91926163973601 261434173135.3293 -3427635598.958781 16844106.903418943 -36771.28386883441 30.08787128322782 
-19.348213196646373 0.00036201742321527875 -0.00010535743663254768 0.0009729556201286512 -4617307.086279738 60534.27336588702 -297.4637650691405 0.6493418180483959 -0.0005312924607644204 
5.4599602039164825 -0.00010535743663254768 4.82542429689639e-05 -0.00027362411100016775 1217756.8192098583 -15973.85156392387 78.53833185318501 -0.17153902922118128 0.00014043254090590068 
-53.91926163973601 0.0009729556201286512 -0.00027362411100016775 0.002744480486574787 -13331988.487266036 174785.59260877594 -858.8882312570664 1.8748839700753366 -0.0015340279704376244 
261434173135.3293 -4617307.086279738 1217756.8192098583 -13331988.487266036 7.015353624833145e+16 -919666225335395.2 4518901785101.523 -9863793985.582663 8070081.792475487 
-3427635598.958781 60534.27336588702 -15973.85156392387 174785.59260877594 -919666225335395.2 12056234220922.19 -59240009089.900894 129308474.23046136 -105794.16517159378 
16844106.903418943 -297.4637650691405 78.53833185318501 -858.8882312570664 4518901785101.523 -59240009089.900894 291084672.16060543 -635377.7381141486 519.8373913118517 
-36771.28386883441 0.6493418180483959 -0.17153902922118128 1.8748839700753366 -9863793985.582663 129308474.23046136 -635377.7381141486 1386.9009441366609 -1.134701848226181 
30.08787128322782 -0.0005312924607644204 0.00014043254090590068 -0.0015340279704376244 8070081.792475487 -105794.16517159378 519.8373913118517 -1.134701848226181 0.0009283652694687612 
