1299.142 keV Photopeak

Fit:
263.67116790584174 6743.694281531488 4.78660249041476 4.1796649764399305 136.13407455410422 -6722.868252046815 3.0105509108929023 -0.00044935811286209436 2.2356024399183205e-08 

Covariance Matrix:
408.90627367796174 -5.667881557715579 2.342435031489094 -17.251552929359146 22.81627509549297 -9054.07535515847 3.9814247462723613 -0.0005834884808533701 2.849859093476035e-08 
-5.667881557715579 0.10611518166875351 -0.04189607567469501 0.2624533891074911 -0.06715245625443672 141.8415406319348 -0.06193886865482616 9.012122955051556e-06 -4.369061234641803e-10 
2.342435031489094 -0.04189607567469501 0.04182752902302481 -0.0941397523520747 0.9439489780357391 -83.64439030315874 0.03760255198044904 -5.634072972647679e-06 2.8135366215795936e-10 
-17.251552929359146 0.2624533891074911 -0.0941397523520747 0.8878270811849408 0.5166281910180756 394.8357361792153 -0.1715018552359346 2.481529495141808e-05 -1.196063184268769e-09 
22.81627509549297 -0.06715245625443672 0.9439489780357391 0.5166281910180756 10077.736740243481 23344.42105680179 -10.328325869363415 0.0015230132606911335 -7.485691981113871e-08 
-9054.07535515847 141.8415406319348 -83.64439030315874 394.8357361792153 23344.42105680179 7231105.88470847 -3217.270486067052 0.4771411296617924 -2.358754670536345e-05 
3.9814247462723613 -0.06193886865482616 0.03760255198044904 -0.1715018552359346 -10.328325869363415 -3217.270486067052 1.4315434894671908 -0.00021232345546882118 1.0497069406730292e-08 
-0.0005834884808533701 9.012122955051556e-06 -5.634072972647679e-06 2.481529495141808e-05 0.0015230132606911335 0.4771411296617924 -0.00021232345546882118 3.1493836903450375e-08 -1.5571479056257746e-12 
2.849859093476035e-08 -4.369061234641803e-10 2.8135366215795936e-10 -1.196063184268769e-09 -7.485691981113871e-08 -2.358754670536345e-05 1.0497069406730292e-08 -1.5571479056257746e-12 7.699603701417623e-17 
