964.057 keV Photopeak

Fit:
3321.488842832766 5005.089123240802 3.860276835713247 4.378919248329057 1408.3720099826576 188.94991029483432 0.002842604920301458 -2.3587269954090314e-05 3.0916127384192926e-09 

Covariance Matrix:
2102.8404521119865 -2.240234933655377 0.9057143162025684 -5.309014127229233 -560.8607333690549 -40820.69409089898 24.46510329965911 -0.004887113477078101 3.253853611544746e-07 
-2.240234933655377 0.003940376031400944 -0.0015593338780285502 0.007332421844088399 -2.0605695773118544 57.64338943852194 -0.034075749566626075 6.712749513761934e-06 -4.406645245674294e-10 
0.9057143162025684 -0.0015593338780285502 0.0018863295757522971 -0.002375403953286347 0.9244998236158448 -26.68592352238934 0.016604969808644808 -3.439266934846086e-06 2.371402310983479e-10 
-5.309014127229233 0.007332421844088399 -0.002375403953286347 0.018232843258844805 -0.718549995734949 185.08223729505085 -0.1090927713273844 2.1426296047327306e-05 -1.402207614246052e-09 
-560.8607333690549 -2.0605695773118544 0.9244998236158448 -0.718549995734949 2238711.855063751 2058741.634336247 -1234.5911264501033 0.2467146682351426 -1.64328035317598e-05 
-40820.69409089898 57.64338943852194 -26.68592352238934 185.08223729505085 2058741.634336247 103005305.34749979 -61724.851096568775 12.329168569267145 -0.0008208854468880555 
24.46510329965911 -0.034075749566626075 0.016604969808644808 -0.1090927713273844 -1234.5911264501033 -61724.851096568775 36.989771608387336 -0.007388844945572736 4.919789318048596e-07 
-0.004887113477078101 6.712749513761934e-06 -3.439266934846086e-06 2.1426296047327306e-05 0.2467146682351426 12.329168569267145 -0.007388844945572736 1.4760213535867442e-06 -9.828422053946143e-11 
3.253853611544746e-07 -4.406645245674294e-10 2.371402310983479e-10 -1.402207614246052e-09 -1.64328035317598e-05 -0.0008208854468880555 4.919789318048596e-07 -9.828422053946143e-11 6.54479697751997e-15 
