867.38 keV Photopeak

Fit:
1582.6733403907194 4502.473167428835 3.9227342712643987 0.5347179497567318 150.293302794282 -6859.53137730851 4.519484521262435 -0.0009923279689241123 7.261154609034731e-08 

Covariance Matrix:
12872.575263302899 -30.201944481924986 13.784500491693858 -120.84041431869228 -31845.099527950817 -2125295.1148082055 1412.84697940435 -0.3130683199877992 2.3123453454072196e-05 
-30.201944481924986 0.07911792489612376 -0.03316821083846912 0.296003599401498 73.24283842280062 5032.350230343314 -3.3431845522874113 0.0007403142756003742 -5.464363640331765e-08 
13.784500491693858 -0.03316821083846912 0.04072952014969039 -0.09736639707323302 -19.135762836256813 -2902.865087178227 1.9401349381849733 -0.0004322223411993276 3.2096174588151535e-08 
-120.84041431869228 0.296003599401498 -0.09736639707323302 1.2299389110968968 332.00825451137996 22295.856027049023 -14.805102179746054 0.0032769029297762273 -2.417586914030455e-07 
-31845.099527950817 73.24283842280062 -19.135762836256813 332.00825451137996 21694585.475514855 43037880.15996494 -28673.27832880433 6.366694460035941 -0.00047120454039369206 
-2125295.1148082055 5032.350230343314 -2902.865087178227 22295.856027049023 43037880.15996494 2850985056.4398694 -1899562.9257104087 421.8767318585223 -0.031231444762630102 
1412.84697940435 -3.3431845522874113 1.9401349381849733 -14.805102179746054 -28673.27832880433 -1899562.9257104087 1265.6532406738415 -0.28109229035543126 2.080931335581465e-05 
-0.3130683199877992 0.0007403142756003742 -0.0004322223411993276 0.0032769029297762273 6.366694460035941 421.8767318585223 -0.28109229035543126 6.242886613718788e-05 -4.6216449728554306e-09 
2.3123453454072196e-05 -5.464363640331765e-08 3.2096174588151535e-08 -2.417586914030455e-07 -0.00047120454039369206 -0.031231444762630102 2.080931335581465e-05 -4.6216449728554306e-09 3.4214487191684227e-13 
