1085.837 keV Photopeak

Fit:
1940.0108727455442 5637.13664842302 4.2218882265458735 4.380647251992817 447.3615812480262 5656.671746831273 4.414285099930693 0.5837467421347013 787.3419941961432 -25328.61569030245 13.453460478087989 -0.0023819307589878947 1.4057139852516004e-07 

Covariance Matrix:
921032.2200128495 -39772.30585881536 -565646.0889193614 -8147018.405442479 32153.778305146436 -795.9930121790367 1456.3162614370694 16.41344752325471 -131985.87789874486 38995084.54353874 -20505.021092791918 3.593675917720957 -0.00020991630267067725 
-39772.30585881536 781632.3505061407 9358237.33951191 -15738.41332879855 9622.3718741626 1021.9080661492802 -125.47559210713545 -5.908957375795062 23770.006237931266 -17170212.233688988 9102.983669028512 -1.6086513087364778 9.475671158613471e-05 
-565646.0889193614 9358237.33951191 193353096.62646744 3406830.43283814 -17608.170972227672 5449.899973114031 -1478.750657722258 -71.57374652404921 -670195.9222531972 -334979675.73983204 177777.27036027113 -31.448994715005192 0.0018544291818607924 
-8147018.405442479 -15738.41332879855 3406830.43283814 8579068155.264092 6878443.114660204 -8305.350497449928 25997.270870763976 21006.582928811487 -7421935.867745108 -4428749976.150588 2354274.1434953823 -417.170380160649 0.024640552130380317 
32153.778305146436 9622.3718741626 -17608.170972227672 6878443.114660204 619580.9545769099 -810.9871654321065 1359.610614260604 54.245152741451655 33640.6974306765 -473412.28920123336 464.81970677992564 -0.12029972737185848 9.355339642025661e-06 
-795.9930121790367 1021.9080661492802 5449.899973114031 -8305.350497449928 -810.9871654321065 182.6942534695546 -5.14358686730262 -0.34319475714774067 -578.2253317667071 -268180.15037317935 141.81394602850133 -0.024995833282337575 1.4684962288703404e-06 
1456.3162614370694 -125.47559210713545 -1478.750657722258 25997.270870763976 1359.610614260604 -5.14358686730262 9.084753351070793 0.14979283337384935 218.93417093200054 82442.88353854987 -42.464337645345466 0.007282648608041426 -4.1583049629489117e-07 
16.41344752325471 -5.908957375795062 -71.57374652404921 21006.582928811487 54.245152741451655 -0.34319475714774067 0.14979283337384935 0.5058651190041683 -82.19759490366212 -5324.489742769502 2.8619103039989686 -0.0005127224613992696 3.0616616900250736e-08 
-131985.87789874486 23770.006237931266 -670195.9222531972 -7421935.867745108 33640.6974306765 -578.2253317667071 218.93417093200054 -82.19759490366212 16065450.49550739 -25319106.836378302 13469.112736487192 -2.388801058495324 0.00014122849315668289 
38995084.54353874 -17170212.233688988 -334979675.73983204 -4428749976.150588 -473412.28920123336 -268180.15037317935 82442.88353854987 -5324.489742769502 -25319106.836378302 16485776495.986572 -8745099.92686333 1546.2986861152806 -0.09113708508740977 
-20505.021092791918 9102.983669028512 177777.27036027113 2354274.1434953823 464.81970677992564 141.81394602850133 -42.464337645345466 2.8619103039989686 13469.112736487192 -8745099.92686333 4639.179423752192 -0.8203344115300693 4.835194532502424e-05 
3.593675917720957 -1.6086513087364778 -31.448994715005192 -417.170380160649 -0.12029972737185848 -0.024995833282337575 0.007282648608041426 -0.0005127224613992696 -2.388801058495324 1546.2986861152806 -0.8203344115300693 0.00014506477347217355 -8.550792817346935e-09 
-0.00020991630267067725 9.475671158613471e-05 0.0018544291818607924 0.024640552130380317 9.355339642025661e-06 1.4684962288703404e-06 -4.1583049629489117e-07 3.0616616900250736e-08 0.00014122849315668289 -0.09113708508740977 4.835194532502424e-05 -8.550792817346935e-09 5.040484966492937e-13 
