1173.228 keV Photopeak

Fit:
12806.847654313688 6090.765833565082 4.32229884346533 4.752657519921595 1135.8747861998204 6107.465676635213 -3.0375090519441414 0.0005035679032001226 -2.7828467250331246e-08 

Covariance Matrix:
1436950.5912697206 678.0706214300966 -774.4660735125153 431.32401065065386 318229.3458904843 15744197.457269816 -7758.689725182119 1.2744525553926838 -6.97794965729605e-05 
678.0706214300966 0.32310784714922414 -0.3679166950124499 0.20882203591627732 180.3034817293844 7532.701608432805 -3.7120818473330117 0.0006097494436543775 -3.3385207478688634e-08 
-774.4660735125153 -0.3679166950124499 0.4195744071012771 -0.23675437091951684 -187.70633560462295 -8600.131996490141 4.238152193501098 -0.0006961699699367666 3.811736624814645e-08 
431.32401065065386 0.20882203591627732 -0.23675437091951684 0.1404421131483172 133.7399528178284 4872.36737024574 -2.4010386035171067 0.00039438918684597606 -2.1593326772900503e-08 
318229.3458904843 180.3034817293844 -187.70633560462295 133.7399528178284 187436038.36583722 2134187.0882881875 -1079.1621788976051 0.17844806147054904 -9.789708120598183e-06 
15744197.457269816 7532.701608432805 -8600.131996490141 4872.36737024574 2134187.0882881875 230836671.75968248 -113811.38805142707 18.704076055812028 -0.0010246064448574926 
-7758.689725182119 -3.7120818473330117 4.238152193501098 -2.4010386035171067 -1079.1621788976051 -113811.38805142707 56.113478415300314 -0.009221854483334822 5.051724047784803e-07 
1.2744525553926838 0.0006097494436543775 -0.0006961699699367666 0.00039438918684597606 0.17844806147054904 18.704076055812028 -0.009221854483334822 1.5155486065279085e-06 -8.302172539514032e-11 
-6.97794965729605e-05 -3.3385207478688634e-08 3.811736624814645e-08 -2.1593326772900503e-08 -9.789708120598183e-06 -0.0010246064448574926 5.051724047784803e-07 -8.302172539514032e-11 4.547934202926189e-15 
