1173.228 keV Photopeak

Net Area:
138754.4653050465 +/- 1757.1305193468916

Fit:
12806.847654313688 6090.765833565082 4.32229884346533 4.752657519921595 1135.8747861998204 6107.465676635213 -3.0375090519441414 0.0005035679032001226 -2.7828467250331246e-08 

Covariance Matrix:
1436950.5912697203 678.0706214300967 -774.4660735125151 431.3240106506535 318229.3458904841 15744197.457269808 -7758.689725182121 1.274452555392684 -6.977949657296052e-05 
678.0706214300967 0.3231078471492241 -0.36791669501244983 0.20882203591627727 180.3034817293844 7532.701608432803 -3.712081847333011 0.0006097494436543772 -3.338520747868862e-08 
-774.4660735125151 -0.36791669501244983 0.4195744071012773 -0.23675437091951687 -187.70633560462286 -8600.131996490147 4.238152193501097 -0.0006961699699367668 3.811736624814647e-08 
431.3240106506535 0.20882203591627727 -0.23675437091951687 0.1404421131483172 133.73995281782834 4872.367370245742 -2.401038603517106 0.0003943891868459761 -2.159332677290049e-08 
318229.3458904841 180.3034817293844 -187.70633560462286 133.73995281782834 187436038.36583722 2134187.0882881894 -1079.1621788976063 0.17844806147054915 -9.789708120598194e-06 
15744197.457269808 7532.701608432803 -8600.131996490147 4872.367370245742 2134187.0882881894 230836671.75968248 -113811.3880514271 18.70407605581203 -0.0010246064448574924 
-7758.689725182121 -3.712081847333011 4.238152193501097 -2.401038603517106 -1079.1621788976063 -113811.3880514271 56.113478415300335 -0.009221854483334823 5.051724047784803e-07 
1.274452555392684 0.0006097494436543772 -0.0006961699699367668 0.0003943891868459761 0.17844806147054915 18.70407605581203 -0.009221854483334823 1.5155486065279087e-06 -8.302172539514032e-11 
-6.977949657296052e-05 -3.338520747868862e-08 3.811736624814647e-08 -2.159332677290049e-08 -9.789708120598194e-06 -0.0010246064448574924 5.051724047784803e-07 -8.302172539514032e-11 4.5479342029261886e-15 
