964.057 keV Photopeak

Fit:
3321.488842832766 5005.089123240802 3.860276835713247 4.378919248329057 1408.3720099826576 188.94991029483432 0.002842604920301458 -2.3587269954090314e-05 3.0916127384192926e-09 

Covariance Matrix:
2102.840452111986 -2.240234933655376 0.9057143162025687 -5.3090141272292355 -560.8607333690546 -40820.69409089896 24.465103299659127 -0.004887113477078101 3.2538536115447455e-07 
-2.240234933655376 0.003940376031400946 -0.0015593338780285502 0.007332421844088398 -2.060569577311855 57.6433894385219 -0.03407574956662605 6.712749513761937e-06 -4.4066452456742916e-10 
0.9057143162025687 -0.0015593338780285502 0.0018863295757522965 -0.002375403953286347 0.9244998236158432 -26.685923522389363 0.016604969808644815 -3.4392669348460885e-06 2.3714023109834785e-10 
-5.3090141272292355 0.007332421844088398 -0.002375403953286347 0.018232843258844805 -0.7185499957349482 185.082237295051 -0.10909277132738435 2.1426296047327323e-05 -1.4022076142460518e-09 
-560.8607333690546 -2.060569577311855 0.9244998236158432 -0.7185499957349482 2238711.855063751 2058741.6343362476 -1234.5911264501037 0.24671466823514257 -1.6432803531759804e-05 
-40820.69409089896 57.6433894385219 -26.685923522389363 185.082237295051 2058741.6343362476 103005305.34749979 -61724.851096568775 12.329168569267145 -0.0008208854468880555 
24.465103299659127 -0.03407574956662605 0.016604969808644815 -0.10909277132738435 -1234.5911264501037 -61724.851096568775 36.989771608387336 -0.007388844945572736 4.919789318048596e-07 
-0.004887113477078101 6.712749513761937e-06 -3.4392669348460885e-06 2.1426296047327323e-05 0.24671466823514257 12.329168569267145 -0.007388844945572736 1.4760213535867442e-06 -9.828422053946143e-11 
3.2538536115447455e-07 -4.4066452456742916e-10 2.3714023109834785e-10 -1.4022076142460518e-09 -1.6432803531759804e-05 -0.0008208854468880555 4.919789318048596e-07 -9.828422053946143e-11 6.54479697751997e-15 
