778.9045 keV Photopeak

Fit:
4252.565773045749 4044.0073989039943 3.545729822479866 3.6421085824654407 802.004162093987 -5773.475333080889 4.311704078851716 -0.001073202073411889 8.903102770858998e-08 

Covariance Matrix:
5057.420229439681 -3.4534500648679396 1.3370983922041244 -10.405742342873777 1611.0392695058106 -683811.3643023742 506.64007715492886 -0.12512198556692736 1.030002713695578e-05 
-3.4534500648679396 0.0034934515885014497 -0.0012905530299642382 0.007984120967523324 -1.3457790265930067 390.1171845374448 -0.28845790163525176 7.109431079238557e-05 -5.840526104148221e-09 
1.3370983922041244 -0.0012905530299642382 0.0012509337120354398 -0.002888198005544282 1.332617742911873 -279.719567731507 0.20780362884052261 -5.145847487077698e-05 4.247502913370421e-09 
-10.405742342873777 0.007984120967523324 -0.002888198005544282 0.02520668482156415 -1.0110423440674179 1539.4465144317114 -1.1391623919579859 0.00028097935762991797 -2.3101006763189723e-08 
1611.0392695058106 -1.3457790265930067 1.332617742911873 -1.0110423440674179 807547.533319809 9665.570005320169 -6.4266916229363975 0.001358898386269702 -9.222224265569605e-08 
-683811.3643023742 390.1171845374448 -279.719567731507 1539.4465144317114 9665.570005320169 526940807.32088643 -391244.5817895215 96.82991593179581 -0.007988136826680479 
506.64007715492886 -0.28845790163525176 0.20780362884052261 -1.1391623919579859 -6.4266916229363975 -391244.5817895215 290.4949164128081 -0.07189578899441157 5.9312071842440055e-06 
-0.12512198556692736 7.109431079238557e-05 -5.145847487077698e-05 0.00028097935762991797 0.001358898386269702 96.82991593179581 -0.07189578899441157 1.779393796172331e-05 -1.4679640327853538e-09 
1.030002713695578e-05 -5.840526104148221e-09 4.247502913370421e-09 -2.3101006763189723e-08 -9.222224265569605e-08 -0.007988136826680479 5.9312071842440055e-06 -1.4679640327853538e-09 1.211051079915823e-13 
