563.986 keV Photopeak

Fit:
2045.4257640181088 2928.9612512800404 15.744292175708877 4.987249194410793 1513.68344450227 -243.43067148276904 2.4378183875228983 -0.0015798235407821193 2.6487923663022603e-07 

Covariance Matrix:
526735.084476786 323.90063246065813 3861.378692807748 855.1937958794962 -165192.59555463865 -6799851.6897148155 7670.550772465136 -2.8598174233505773 0.0003528797678857525 
323.90063246065813 0.40787026779139196 2.3290482076547994 0.7724140812671265 22.033816216297723 -2119.4736117885313 2.6243290484137685 -0.0010507385916685172 1.3717829670996753e-07 
3861.378692807748 2.3290482076547994 28.707378213273252 6.329783655304818 -1217.1208155493007 -49878.94139283646 56.195628530929845 -0.020929752549628634 2.580314777384761e-06 
855.1937958794962 0.7724140812671265 6.329783655304818 2.6631543238300477 17.33077585772075 5697.43437474439 -4.658011495973144 0.0011881669772681668 -8.945290369975129e-08 
-165192.59555463865 22.033816216297723 -1217.1208155493007 17.33077585772075 8165430.897267936 31044930.242919717 -32010.416614045993 11.000174298495063 -0.0012599523136811945 
-6799851.6897148155 -2119.4736117885313 -49878.94139283646 5697.43437474439 31044930.242919717 796512076.6918086 -824293.0648942724 284.3096895643742 -0.03268346283244026 
7670.550772465136 2.6243290484137685 56.195628530929845 -4.658011495973144 -32010.416614045993 -824293.0648942724 853.9224965703097 -0.29482654050204926 3.392593669499022e-05 
-2.8598174233505773 -0.0010507385916685172 -0.020929752549628634 0.0011881669772681668 11.000174298495063 284.3096895643742 -0.29482654050204926 0.0001018926170277791 -1.1736163639529025e-08 
0.0003528797678857525 1.3717829670996753e-07 2.580314777384761e-06 -8.945290369975129e-08 -0.0012599523136811945 -0.03268346283244026 3.392593669499022e-05 -1.1736163639529025e-08 1.3530609334168437e-12 
