661.657 keV Photopeak

Fit:
49972.02948912003 3435.3164286188485 3.289188465851492 3.119639924017414 1504.083040283122 -159820.42477443858 139.42796230335085 -0.04054402420259757 3.9297343611208355e-06 

Covariance Matrix:
37294.85565816524 -1.1904904158665701 -0.07121903029307192 -4.5856715738397344 30637.83080605498 -1221615.8157310805 1066.9439581593863 -0.31061499140863086 3.014213709080125e-05 
-1.1904904158665701 0.00010976731138246046 -4.100781170299728e-05 0.00016465679253273709 -6.401259688946914 49.31222662705324 -0.04302896508692658 1.2515763386002626e-05 -1.21346615192568e-09 
-0.07121903029307192 -4.100781170299728e-05 5.459025001171364e-05 6.220722115371698e-06 4.926806079379881 -25.46186761862315 0.022268022597774707 -6.491954259353958e-06 6.308804254875562e-10 
-4.5856715738397344 0.00016465679253273709 6.220722115371698e-06 0.0006503782005417158 -4.097451066808214 162.79734828927778 -0.1421510548172175 4.1373884564096394e-05 -4.013959188179063e-09 
30637.83080605498 -6.401259688946914 4.926806079379881 -4.097451066808214 191042109.83548528 -4313582.502104547 3665.992617324607 -1.0565672462082452 0.00010194728529532976 
-1221615.8157310805 49.31222662705324 -25.46186761862315 162.79734828927778 -4313582.502104547 302279540.9841494 -264363.5889868151 77.06692144353597 -0.007488693829941931 
1066.9439581593863 -0.04302896508692658 0.022268022597774707 -0.1421510548172175 3665.992617324607 -264363.5889868151 231.2044810979977 -0.06740067930553842 6.549437105785986e-06 
-0.31061499140863086 1.2515763386002626e-05 -6.491954259353958e-06 4.1373884564096394e-05 -1.0565672462082452 77.06692144353597 -0.06740067930553842 1.9648704834922983e-05 -1.9093047494512627e-09 
3.014213709080125e-05 -1.21346615192568e-09 6.308804254875562e-10 -4.013959188179063e-09 0.00010194728529532976 -0.007488693829941931 6.549437105785986e-06 -1.9093047494512627e-09 1.855317303040116e-13 
