1212.948 keV Photopeak

Fit:
219.6903166039402 6296.936978740379 4.726902912529448 5.588930933510708 249.80234988704242 -149.712300243695 0.08403835246388713 -1.5354289835743468e-05 9.185402641440111e-10 

Covariance Matrix:
691.9352201838459 -10.74558645301904 3.0446711213333137 -42.263644903558394 1504.1589062577586 -69235.35489717794 32.88599755335132 -0.005206719218797624 2.7478047396388643e-07 
-10.74558645301904 0.21873611087060285 -0.059847980054462326 0.7170498991129046 -17.173498439532334 1000.6515929736095 -0.474500534770898 7.499867196259396e-05 -3.951229693994242e-09 
3.0446711213333137 -0.059847980054462326 0.06142872744000765 -0.1726410993428909 3.147597174155664 -300.65490501151663 0.14353802438982152 -2.2842211199526403e-05 1.2116609277489743e-09 
-42.263644903558394 0.7170498991129046 -0.1726410993428909 2.8574734255698693 -89.7540382593689 4485.670006114031 -2.127867060510993 0.00033645489399083045 -1.773262388018836e-08 
1504.1589062577586 -17.173498439532334 3.147597174155664 -89.7540382593689 165443.78390575427 -327856.21348756173 155.89961340807284 -0.024713060901873096 1.3058497698924907e-06 
-69235.35489717794 1000.6515929736095 -300.65490501151663 4485.670006114031 -327856.21348756173 29175454.36696901 -13887.775193801095 2.203551491334318 -0.00011654360615199599 
32.88599755335132 -0.474500534770898 0.14353802438982152 -2.127867060510993 155.89961340807284 -13887.775193801095 6.610790781613806 -0.001048937565461367 5.547797549777135e-08 
-0.005206719218797624 7.499867196259396e-05 -2.2842211199526403e-05 0.00033645489399083045 -0.024713060901873096 2.203551491334318 -0.001048937565461367 1.6643765228778662e-07 -8.802950875584467e-12 
2.7478047396388643e-07 -3.951229693994242e-09 1.2116609277489743e-09 -1.773262388018836e-08 1.3058497698924907e-06 -0.00011654360615199599 5.547797549777135e-08 -8.802950875584467e-12 4.655975892123892e-16 
