1212.948 keV Photopeak

Net Area:
2603.0201571133152 +/- 411.7354109746507

Fit:
219.6903166039402 6296.936978740379 4.726902912529448 5.588930933510708 249.80234988704242 -149.712300243695 0.08403835246388713 -1.5354289835743468e-05 9.185402641440111e-10 

Covariance Matrix:
691.9352201838458 -10.74558645301904 3.0446711213333115 -42.26364490355839 1504.1589062577582 -69235.35489717797 32.885997553351324 -0.005206719218797625 2.747804739638865e-07 
-10.74558645301904 0.21873611087060277 -0.059847980054462326 0.7170498991129045 -17.17349843953234 1000.6515929736096 -0.4745005347708978 7.499867196259394e-05 -3.9512296939942425e-09 
3.0446711213333115 -0.059847980054462326 0.061428727440007665 -0.17264109934289096 3.147597174155661 -300.65490501151646 0.14353802438982158 -2.284221119952641e-05 1.2116609277489743e-09 
-42.26364490355839 0.7170498991129045 -0.17264109934289096 2.857473425569869 -89.75403825936893 4485.670006114031 -2.1278670605109937 0.0003364548939908304 -1.773262388018836e-08 
1504.1589062577582 -17.17349843953234 3.147597174155661 -89.75403825936893 165443.78390575427 -327856.2134875617 155.89961340807292 -0.02471306090187309 1.3058497698924907e-06 
-69235.35489717797 1000.6515929736096 -300.65490501151646 4485.670006114031 -327856.2134875617 29175454.36696901 -13887.775193801093 2.2035514913343186 -0.00011654360615199597 
32.885997553351324 -0.4745005347708978 0.14353802438982158 -2.1278670605109937 155.89961340807292 -13887.775193801093 6.610790781613806 -0.0010489375654613668 5.547797549777135e-08 
-0.005206719218797625 7.499867196259394e-05 -2.284221119952641e-05 0.0003364548939908304 -0.02471306090187309 2.2035514913343186 -0.0010489375654613668 1.6643765228778662e-07 -8.802950875584467e-12 
2.747804739638865e-07 -3.9512296939942425e-09 1.2116609277489743e-09 -1.773262388018836e-08 1.3058497698924907e-06 -0.00011654360615199597 5.547797549777135e-08 -8.802950875584467e-12 4.655975892123892e-16 
