867.38 keV Photopeak

Fit:
1582.6733403907194 4502.473167428835 3.9227342712643987 0.5347179497567318 150.293302794282 -6859.53137730851 4.519484521262435 -0.0009923279689241123 7.261154609034731e-08 

Covariance Matrix:
12872.575263302904 -30.201944481924983 13.784500491693858 -120.8404143186923 -31845.099527950824 -2125295.114808205 1412.8469794043503 -0.3130683199877991 2.3123453454072196e-05 
-30.201944481924983 0.07911792489612378 -0.03316821083846912 0.29600359940149806 73.24283842280059 5032.350230343313 -3.343184552287412 0.0007403142756003743 -5.464363640331769e-08 
13.784500491693858 -0.03316821083846912 0.04072952014969039 -0.09736639707323298 -19.135762836256813 -2902.865087178227 1.9401349381849728 -0.00043222234119932754 3.209617458815153e-08 
-120.8404143186923 0.29600359940149806 -0.09736639707323298 1.229938911096897 332.0082545113801 22295.85602704902 -14.805102179746067 0.003276902929776228 -2.417586914030454e-07 
-31845.099527950824 73.24283842280059 -19.135762836256813 332.0082545113801 21694585.47551486 43037880.15996494 -28673.27832880433 6.366694460035941 -0.00047120454039369206 
-2125295.114808205 5032.350230343313 -2902.865087178227 22295.85602704902 43037880.15996494 2850985056.4398694 -1899562.925710409 421.8767318585223 -0.0312314447626301 
1412.8469794043503 -3.343184552287412 1.9401349381849728 -14.805102179746067 -28673.27832880433 -1899562.925710409 1265.6532406738415 -0.28109229035543126 2.080931335581465e-05 
-0.3130683199877991 0.0007403142756003743 -0.00043222234119932754 0.003276902929776228 6.366694460035941 421.8767318585223 -0.28109229035543126 6.24288661371879e-05 -4.6216449728554306e-09 
2.3123453454072196e-05 -5.464363640331769e-08 3.209617458815153e-08 -2.417586914030454e-07 -0.00047120454039369206 -0.0312314447626301 2.080931335581465e-05 -4.6216449728554306e-09 3.4214487191684227e-13 
