1112.076 keV Photopeak

Net Area:
25888.295041256955 +/- 829.5213249171295

Fit:
2434.5549771951205 5773.427631883629 4.242227247364563 4.775850167181926 4.46226805785343 -12774.587898071739 6.602806297646548 -0.0011374566094033058 6.530851620426251e-08 

Covariance Matrix:
2962.7780937957573 -4.0756561607269015 1.535104359043697 -13.157344568162712 5738.771502567767 -280539.25129113224 145.60253478128894 -0.025189401534669063 1.4525760543617494e-06 
-4.0756561607269015 0.007966835098144796 -0.003310637434377317 0.019791119913778434 -13.516329488130134 435.58799261557147 -0.22603549103692555 3.90977526776481e-05 -2.2542345179603855e-09 
1.535104359043697 -0.003310637434377317 0.0028373144099758506 -0.007669064284585754 5.991424936833336 -145.53827451002618 0.07559615575037852 -1.3088749656952152e-05 7.55386983560067e-10 
-13.157344568162712 0.019791119913778434 -0.007669064284585754 0.06477936775243474 -27.2192341559634 1477.9689531983472 -0.7669435929358085 0.00013265841612333012 -7.648532682742575e-09 
5738.771502567767 -13.516329488130134 5.991424936833336 -27.2192341559634 6546032.765448128 -2040843.3843119305 1058.3548080585324 -0.18308224500222559 1.0558774038420637e-05 
-280539.25129113224 435.58799261557147 -145.53827451002618 1477.9689531983472 -2040843.3843119305 103124935.95581788 -53532.0081611495 9.262701906382203 -0.0005342378938087254 
145.60253478128894 -0.22603549103692555 0.07559615575037852 -0.7669435929358085 1058.3548080585324 -53532.0081611495 27.788431551677622 -0.004808269946600145 2.7732338923358406e-07 
-0.025189401534669063 3.90977526776481e-05 -1.3088749656952152e-05 0.00013265841612333012 -0.18308224500222559 9.262701906382203 -0.004808269946600145 8.319827166858124e-07 -4.798578659618558e-11 
1.4525760543617494e-06 -2.2542345179603855e-09 7.55386983560067e-10 -7.648532682742575e-09 1.0558774038420637e-05 -0.0005342378938087254 2.7732338923358406e-07 -4.798578659618558e-11 2.7676526875297273e-15 
