1112.076 keV Photopeak

Fit:
2434.5549771951205 5773.427631883629 4.242227247364563 4.775850167181926 4.46226805785343 -12774.587898071739 6.602806297646548 -0.0011374566094033058 6.530851620426251e-08 

Covariance Matrix:
2962.7780937957577 -4.0756561607269 1.5351043590436977 -13.157344568162713 5738.771502567764 -280539.25129113236 145.60253478128897 -0.025189401534669056 1.4525760543617496e-06 
-4.0756561607269 0.007966835098144793 -0.003310637434377318 0.019791119913778438 -13.516329488130127 435.5879926155712 -0.22603549103692566 3.909775267764811e-05 -2.2542345179603855e-09 
1.5351043590436977 -0.003310637434377318 0.0028373144099758506 -0.007669064284585753 5.991424936833335 -145.53827451002618 0.07559615575037855 -1.3088749656952148e-05 7.55386983560067e-10 
-13.157344568162713 0.019791119913778438 -0.007669064284585753 0.06477936775243474 -27.219234155963406 1477.9689531983474 -0.7669435929358086 0.00013265841612333012 -7.648532682742575e-09 
5738.771502567764 -13.516329488130127 5.991424936833335 -27.219234155963406 6546032.765448128 -2040843.3843119305 1058.3548080585329 -0.18308224500222559 1.055877403842064e-05 
-280539.25129113236 435.5879926155712 -145.53827451002618 1477.9689531983474 -2040843.3843119305 103124935.95581791 -53532.0081611495 9.262701906382205 -0.0005342378938087254 
145.60253478128897 -0.22603549103692566 0.07559615575037855 -0.7669435929358086 1058.3548080585329 -53532.0081611495 27.788431551677622 -0.004808269946600146 2.773233892335841e-07 
-0.025189401534669056 3.909775267764811e-05 -1.3088749656952148e-05 0.00013265841612333012 -0.18308224500222559 9.262701906382205 -0.004808269946600146 8.319827166858123e-07 -4.798578659618558e-11 
1.4525760543617496e-06 -2.2542345179603855e-09 7.55386983560067e-10 -7.648532682742575e-09 1.055877403842064e-05 -0.0005342378938087254 2.773233892335841e-07 -4.798578659618558e-11 2.767652687529727e-15 
