1299.142 keV Photopeak

Fit:
263.67116790584174 6743.694281531488 4.78660249041476 4.1796649764399305 136.13407455410422 -6722.868252046815 3.0105509108929023 -0.00044935811286209436 2.2356024399183205e-08 

Covariance Matrix:
408.90627367796174 -5.667881557715582 2.3424350314890936 -17.25155292935915 22.816275095492887 -9054.075355158471 3.98142474627236 -0.0005834884808533699 2.8498590934760346e-08 
-5.667881557715582 0.10611518166875347 -0.041896075674695006 0.26245338910749105 -0.06715245625443592 141.84154063193478 -0.061938868654826146 9.012122955051559e-06 -4.3690612346418027e-10 
2.3424350314890936 -0.041896075674695006 0.04182752902302481 -0.09413975235207465 0.9439489780357387 -83.64439030315877 0.03760255198044904 -5.6340729726476784e-06 2.813536621579594e-10 
-17.25155292935915 0.26245338910749105 -0.09413975235207465 0.8878270811849407 0.5166281910180758 394.83573617921513 -0.1715018552359345 2.4815294951418075e-05 -1.1960631842687687e-09 
22.816275095492887 -0.06715245625443592 0.9439489780357387 0.5166281910180758 10077.736740243481 23344.421056801788 -10.328325869363415 0.001523013260691132 -7.48569198111387e-08 
-9054.075355158471 141.84154063193478 -83.64439030315877 394.83573617921513 23344.421056801788 7231105.884708472 -3217.2704860670524 0.47714112966179256 -2.358754670536345e-05 
3.98142474627236 -0.061938868654826146 0.03760255198044904 -0.1715018552359345 -10.328325869363415 -3217.2704860670524 1.431543489467191 -0.00021232345546882118 1.0497069406730292e-08 
-0.0005834884808533699 9.012122955051559e-06 -5.6340729726476784e-06 2.4815294951418075e-05 0.001523013260691132 0.47714112966179256 -0.00021232345546882118 3.1493836903450375e-08 -1.5571479056257746e-12 
2.8498590934760346e-08 -4.3690612346418027e-10 2.813536621579594e-10 -1.1960631842687687e-09 -7.48569198111387e-08 -2.358754670536345e-05 1.0497069406730292e-08 -1.5571479056257746e-12 7.699603701417622e-17 
