563.986 keV Photopeak

Net Area:
80722.90763470557 +/- 32576.459996247773

Fit:
2045.4257640181088 2928.9612512800404 15.744292175708877 4.987249194410793 1513.68344450227 -243.43067148276904 2.4378183875228983 -0.0015798235407821193 2.6487923663022603e-07 

Covariance Matrix:
526735.0844767859 323.90063246065813 3861.3786928077475 855.1937958794965 -165192.59555463868 -6799851.6897148155 7670.550772465136 -2.8598174233505773 0.00035287976788575244 
323.90063246065813 0.40787026779139185 2.329048207654799 0.7724140812671269 22.033816216297684 -2119.4736117885323 2.624329048413767 -0.0010507385916685174 1.3717829670996753e-07 
3861.3786928077475 2.329048207654799 28.70737821327326 6.329783655304818 -1217.1208155493011 -49878.94139283647 56.19562853092984 -0.02092975254962864 2.5803147773847607e-06 
855.1937958794965 0.7724140812671269 6.329783655304818 2.6631543238300477 17.330775857720692 5697.434374744393 -4.6580114959731445 0.0011881669772681666 -8.945290369975126e-08 
-165192.59555463868 22.033816216297684 -1217.1208155493011 17.330775857720692 8165430.897267939 31044930.242919724 -32010.416614046 11.000174298495063 -0.0012599523136811942 
-6799851.6897148155 -2119.4736117885323 -49878.94139283647 5697.434374744393 31044930.242919724 796512076.6918086 -824293.0648942724 284.3096895643742 -0.03268346283244026 
7670.550772465136 2.624329048413767 56.19562853092984 -4.6580114959731445 -32010.416614046 -824293.0648942724 853.9224965703097 -0.29482654050204926 3.392593669499022e-05 
-2.8598174233505773 -0.0010507385916685174 -0.02092975254962864 0.0011881669772681666 11.000174298495063 284.3096895643742 -0.29482654050204926 0.0001018926170277791 -1.1736163639529023e-08 
0.00035287976788575244 1.3717829670996753e-07 2.5803147773847607e-06 -8.945290369975126e-08 -0.0012599523136811942 -0.03268346283244026 3.392593669499022e-05 -1.1736163639529023e-08 1.3530609334168437e-12 
