778.9045 keV Photopeak

Net Area:
37796.06731172459 +/- 912.7499725599764

Fit:
4252.565773045749 4044.0073989039943 3.545729822479866 3.6421085824654407 802.004162093987 -5773.475333080889 4.311704078851716 -0.001073202073411889 8.903102770858998e-08 

Covariance Matrix:
5057.42022943968 -3.45345006486794 1.3370983922041235 -10.405742342873777 1611.0392695058113 -683811.3643023744 506.64007715492863 -0.12512198556692744 1.0300027136955787e-05 
-3.45345006486794 0.00349345158850145 -0.0012905530299642382 0.007984120967523324 -1.3457790265930067 390.11718453744504 -0.2884579016352516 7.109431079238557e-05 -5.8405261041482184e-09 
1.3370983922041235 -0.0012905530299642382 0.0012509337120354398 -0.002888198005544282 1.332617742911874 -279.7195677315071 0.20780362884052264 -5.1458474870776966e-05 4.247502913370421e-09 
-10.405742342873777 0.007984120967523324 -0.002888198005544282 0.02520668482156415 -1.0110423440674166 1539.4465144317116 -1.1391623919579859 0.0002809793576299179 -2.310100676318972e-08 
1611.0392695058113 -1.3457790265930067 1.332617742911874 -1.0110423440674166 807547.533319809 9665.57000531993 -6.426691622935975 0.001358898386269656 -9.222224265570255e-08 
-683811.3643023744 390.11718453744504 -279.7195677315071 1539.4465144317116 9665.57000531993 526940807.32088643 -391244.5817895215 96.82991593179581 -0.007988136826680479 
506.64007715492863 -0.2884579016352516 0.20780362884052264 -1.1391623919579859 -6.426691622935975 -391244.5817895215 290.49491641280804 -0.07189578899441157 5.9312071842440055e-06 
-0.12512198556692744 7.109431079238557e-05 -5.1458474870776966e-05 0.0002809793576299179 0.001358898386269656 96.82991593179581 -0.07189578899441157 1.7793937961723306e-05 -1.4679640327853538e-09 
1.0300027136955787e-05 -5.8405261041482184e-09 4.247502913370421e-09 -2.310100676318972e-08 -9.222224265570255e-08 -0.007988136826680479 5.9312071842440055e-06 -1.4679640327853538e-09 1.2110510799158233e-13 
