1085.837 keV Photopeak

Net Area:
20530.561600975856 +/- 1723.070697667319

Fit:
1940.0108727455442 5637.13664842302 4.2218882265458735 4.380647251992817 447.3615812480262 5656.671746831273 4.414285099930693 0.5837467421347013 787.3419941961432 -25328.61569030245 13.453460478087989 -0.0023819307589878947 1.4057139852516004e-07 

Covariance Matrix:
14906.420659834414 -25.492648320625772 6.473581797123122 -400.3378704815602 -10603.51800495998 9.482044906369104 2.2882818134457756 -2.0267434857438986 -33778.197636750316 -2416782.9785028584 1282.9715226288906 -0.2270209777614072 1.3390158805319534e-05 
-25.492648320625772 0.06323551265914706 0.001616315533748102 0.9824968112006801 -4.6392636147438235 -0.03180570002607364 0.1339954325805191 -0.009266738684957197 107.6739873515293 4931.121722220522 -2.610982300683593 0.00046081142940810813 -2.710849586818924e-08 
6.473581797123122 0.001616315533748102 0.020836743455508795 0.3588826805703493 -18.06174034629449 -0.006864391554104946 0.12006699715313061 -0.011919547465414727 27.524537316190372 -424.1550768566359 0.23213061199330046 -4.231343826817759e-05 2.569062623940913e-09 
-400.3378704815602 0.9824968112006801 0.3588826805703493 76.00114802582144 1888.876379845738 -0.1532923563064522 -0.5127944119769458 0.01799494826964523 -244.8761005120551 28391.170388222552 -14.93825720962482 0.0026194656845270974 -1.5308060209206362e-07 
-10603.51800495998 -4.6392636147438235 -18.06174034629449 1888.876379845738 158732.7662258524 18.523687912574264 -296.9950706108523 5.735921036373727 -110215.68449155349 -904191.4443833673 474.7778546587599 -0.08308353904777951 4.845530964464282e-06 
9.482044906369104 -0.03180570002607364 -0.006864391554104946 -0.1532923563064522 18.523687912574264 0.06914227525644649 -0.17479857225215245 0.041312042895382636 -132.4820365803184 -3949.0615046507232 2.086592651983246 -0.00036748206240785474 2.1572071410857426e-08 
2.2882818134457756 0.1339954325805191 0.12006699715313061 -0.5127944119769458 -296.9950706108523 -0.17479857225215245 1.735699561006932 -0.15447823138454783 636.8401906807022 7622.313391376734 -3.9533937361687497 0.0006830515363734293 -3.931246538824863e-08 
-2.0267434857438986 -0.009266738684957197 -0.011919547465414727 0.01799494826964523 5.735921036373727 0.041312042895382636 -0.15447823138454783 0.1677180772986574 -108.7214495325763 -968.448660040843 0.5078443870516807 -8.874952230037077e-05 5.168795024685271e-09 
-33778.197636750316 107.6739873515293 27.524537316190372 -244.8761005120551 -110215.68449155349 -132.4820365803184 636.8401906807022 -108.7214495325763 66695192.39786064 18950386.7020599 -10042.038479573468 1.7722829523156214 -0.00010423686549513195 
-2416782.9785028584 4931.121722220522 -424.1550768566359 28391.170388222552 -904191.4443833673 -3949.0615046507232 7622.313391376734 -968.448660040843 18950386.7020599 1017023174.263973 -539772.0448618095 95.49058062629234 -0.005630964151898973 
1282.9715226288906 -2.610982300683593 0.23213061199330046 -14.93825720962482 474.7778546587599 2.086592651983246 -3.9533937361687497 0.5078443870516807 -10042.038479573468 -539772.0448618095 286.484402117524 -0.05068298759537131 2.9887909508017964e-06 
-0.2270209777614072 0.00046081142940810813 -4.231343826817759e-05 0.0026194656845270974 -0.08308353904777951 -0.00036748206240785474 0.0006830515363734293 -8.874952230037077e-05 1.7722829523156214 95.49058062629234 -0.05068298759537131 8.966739249638223e-06 -5.287848511623259e-10 
1.3390158805319534e-05 -2.710849586818924e-08 2.569062623940913e-09 -1.5308060209206362e-07 4.845530964464282e-06 2.1572071410857426e-08 -3.931246538824863e-08 5.168795024685271e-09 -0.00010423686549513195 -0.005630964151898973 2.9887909508017964e-06 -5.287848511623259e-10 3.1184201204892844e-14 
