121.7817 keV Photopeak

Fit:
125611.4280026659 632.4274179621522 2.0006442546757572 1.3914790581497105 12280.747864942894 -376599.6963390538 1767.8323734229768 -2.7653715951065485 0.0014415002883451458 

Covariance Matrix:
415688.2171099999 -4.695132935982374 1.532061166682863 -11.664414165353636 -303503.8976524552 -9071218.362606522 42773.20796133062 -67.21227279798588 0.035198177484262363 
-4.695132935982374 6.917590760905508e-05 -2.445644909021669e-05 0.00014499485876412255 4.848573445010132 106.31911215476912 -0.5012363364904825 0.0007874662259257451 -4.122989033712248e-07 
1.532061166682863 -2.445644909021669e-05 1.9237655309938436e-05 -4.888705917342012e-05 0.8626758056036993 -16.379385186637943 0.07758033722008287 -0.00012247326949980887 6.443638012079916e-08 
-11.664414165353636 0.00014499485876412255 -4.888705917342012e-05 0.0003601271474366169 12.844513589081583 312.29332653960137 -1.4722188854680451 0.0023128413950670806 -1.2109122038929375e-06 
-303503.8976524552 4.848573445010132 0.8626758056036993 12.844513589081583 190905065.62489003 40693788.187226854 -194885.90992945762 308.02879152656755 -0.16187158903031695 
-9071218.362606522 106.31911215476912 -16.379385186637943 312.29332653960137 40693788.187226854 613653143.5804611 -2893268.6786695905 4545.729426234478 -2.3802021756773715 
42773.20796133062 -0.5012363364904825 0.07758033722008287 -1.4722188854680451 -194885.90992945762 -2893268.6786695905 13641.43440099046 -21.432824283640365 0.01122261349829531 
-67.21227279798588 0.0007874662259257451 -0.00012247326949980887 0.0023128413950670806 308.02879152656755 4545.729426234478 -21.432824283640365 0.03367464103548835 -1.7632817710071377e-05 
0.035198177484262363 -4.122989033712248e-07 6.443638012079916e-08 -1.2109122038929375e-06 -0.16187158903031695 -2.3802021756773715 0.01122261349829531 -1.7632817710071377e-05 9.233036867400781e-09 
