867.38 keV Photopeak

Net Area:
10110.943596553274 +/- 997.6703710710814

Fit:
1148.5014458784278 4503.444932782296 3.5121269632656635 4.317864123905091 964.6421520177114 262.1120730071782 -0.13881344768514106 2.286665949459247e-05 -1.1024384232286067e-09 

Covariance Matrix:
6350.238487441947 -14.690970007451709 5.800649333443214 -58.927275265638364 13449.830885006962 -1094108.3866417208 727.2100966252442 -0.16111307637804048 1.1897942402782904e-05 
-14.690970007451709 0.042606366182746915 -0.014811339558146164 0.14803485020993692 -35.90396533458782 2468.709345877294 -1.638147252051035 0.0003623281473143398 -2.671258731510012e-08 
5.800649333443214 -0.014811339558146164 0.012086230105208621 -0.04947482105880601 15.417390133479483 -878.7396302650471 0.5861701486676655 -0.000130335122342692 9.65988246234041e-09 
-58.927275265638364 0.14803485020993692 -0.04947482105880601 0.5980260161953942 -126.52664713748672 11382.777936478762 -7.555780674222035 0.0016717749417167725 -1.2329418551351936e-07 
13449.830885006962 -35.90396533458782 15.417390133479483 -126.52664713748672 2806342.160176873 -245780.24924837577 157.59447033011782 -0.03374399808215774 2.4065646055249836e-06 
-1094108.3866417208 2468.709345877294 -878.7396302650471 11382.777936478762 -245780.24924837577 940542604.5099695 -626122.0258488406 138.93589966362765 -0.01027649354042936 
727.2100966252442 -1.638147252051035 0.5861701486676655 -7.555780674222035 157.59447033011782 -626122.0258488406 416.81587024165907 -0.09249207216937262 6.841317792171262e-06 
-0.16111307637804048 0.0003623281473143398 -0.000130335122342692 0.0016717749417167725 -0.03374399808215774 138.93589966362765 -0.09249207216937262 2.0524356567135293e-05 -1.5181322181411392e-09 
1.1897942402782904e-05 -2.671258731510012e-08 9.65988246234041e-09 -1.2329418551351936e-07 2.4065646055249836e-06 -0.01027649354042936 6.841317792171262e-06 -1.5181322181411392e-09 1.122934554534612e-13 
