244.6974 keV Photopeak

Fit:
7181.537214500565 1239.1547726315403 2.2981827004360227 1.6232640077797909 638.8140514492837 1251.2541378315748 2.083840996158211 0.21252689553553095 15919.403580598404 1270.8248858392449 2.2933370828994177 2.03665736398013 2365.999847038049 -7343.906320496201 17.498870740657576 -0.013882496402611398 3.6682150529852897e-06 

Covariance Matrix:
229117.9795400379 -44.47873396721047 12.529631094560436 -261.8270692565524 -13274.568483768327 14.004104801288248 -88.52972966060034 -14.444108764753107 554303.0933831842 -50.67496716162227 22.65092230830461 -251.08906488359023 275066.4683127084 -35625.12245634732 60.79858718386814 -0.029492755329433098 2.819701153148772e-06 
-44.47873396721047 0.00939141893509673 -0.002499275123990479 0.05128380289530972 3.7624914136951575 -0.003377416513203054 0.019589332408913463 0.00294325070353635 -118.91492091588005 0.010867126424152959 -0.004824217505460863 0.05449574153396194 -44.66530941875287 26.13379166550346 -0.056965932572875765 4.106672692144214e-05 -9.759512309341416e-09 
12.529631094560436 -0.002499275123990479 0.0014980919147590903 -0.013584212648093237 -0.272908672018893 0.000614255300901805 -0.0016189150665794794 -0.0006765366517313988 14.961845781966632 -0.0013560968847611237 0.000614937865922591 -0.006790181641633113 16.758993419706172 13.54608925535147 -0.03282915495849032 2.6479282451622927e-05 -7.1150612976163385e-09 
-261.8270692565524 0.05128380289530972 -0.013584212648093237 0.3264670232333443 23.4132514737278 -0.015251141338298909 0.11602288353011098 0.01897851838391475 -737.2730925277981 0.06728786732475588 -0.029844128969006956 0.33743539944366835 -394.90492043009965 0.9323641135492949 0.031901285816210385 -5.19265490670282e-05 2.079610819470714e-08 
-13274.568483768327 3.7624914136951575 -0.272908672018893 23.4132514737278 14413.362105445505 -0.41910926646198804 11.443936421210305 -0.23175236435515845 -92367.88788601595 8.24257229786889 -3.3128972289015204 47.331250884074 -29285.163001174675 22279.75374020394 -46.96124436671019 0.032436393481265556 -7.2916846242569815e-06 
14.004104801288248 -0.003377416513203054 0.000614255300901805 -0.015251141338298909 -0.41910926646198804 0.042436168274566775 -0.018489400198499213 0.0058764571503401065 38.282699734148245 -0.0034121701163515967 0.0017280876089896555 -0.015957026684957413 -6.635394361070735 -143.1584918388677 0.3400225899641591 -0.00026911441546646086 7.097796536328423e-08 
-88.52972966060034 0.019589332408913463 -0.0016189150665794794 0.11602288353011098 11.443936421210305 -0.018489400198499213 0.11587079146025306 0.004394241973463231 -430.1453892224024 0.0394670657045629 -0.017034676536200766 0.19836493277007503 -161.1079523794223 127.82870876889167 -0.2816750286969613 0.00020562644293844505 -4.96201995888579e-08 
-14.444108764753107 0.00294325070353635 -0.0006765366517313988 0.01897851838391475 -0.23175236435515845 0.0058764571503401065 0.004394241973463231 0.03186904224012064 -50.51788122336921 0.004685680118275762 -0.0019639962454949026 0.023461856895379902 -42.33319876577155 15.321840265942784 -0.03391769451783432 2.4942025860308025e-05 -6.074766540922539e-09 
554303.0933831842 -118.91492091588005 14.961845781966632 -737.2730925277981 -92367.88788601595 38.282699734148245 -430.1453892224024 -50.51788122336921 3026263.8225251683 -276.9621195580063 119.84624930170163 -1399.5949744025238 1321381.0162253357 1411967.4806593095 -3517.8300720353777 2.913814095357241 -0.0008030605445028385 
-50.67496716162227 0.010867126424152959 -0.0013560968847611237 0.06728786732475588 8.24257229786889 -0.0034121701163515967 0.0394670657045629 0.004685680118275762 -276.9621195580063 0.025510865659067464 -0.011026503784267243 0.12797528760758167 -123.40309507947133 -135.58212756846385 0.3371443060652384 -0.00027876384760081014 7.670293803032748e-08 
22.65092230830461 -0.004824217505460863 0.000614937865922591 -0.029844128969006956 -3.3128972289015204 0.0017280876089896555 -0.017034676536200766 -0.0019639962454949026 119.84624930170163 -0.011026503784267243 0.004919421371542638 -0.05520378607411222 51.75388355946547 43.79456465389943 -0.11023082243139358 9.214209353183377e-05 -2.5608090713503843e-08 
-251.08906488359023 0.05449574153396194 -0.006790181641633113 0.33743539944366835 47.331250884074 -0.015957026684957413 0.19836493277007503 0.023461856895379902 -1399.5949744025238 0.12797528760758167 -0.05520378607411222 0.6522397940402603 -614.3248130885282 -663.17965363627 1.651978986589887 -0.0013681203246129388 3.770067099523446e-07 
275066.4683127084 -44.66530941875287 16.758993419706172 -394.90492043009965 -29285.163001174675 -6.635394361070735 -161.1079523794223 -42.33319876577155 1321381.0162253357 -123.40309507947133 51.75388355946547 -614.3248130885282 13357262.93043857 3423609.4385257936 -8289.817790039697 6.661708561975818 -0.0017822261323404214 
-35625.12245634732 26.13379166550346 13.54608925535147 0.9323641135492949 22279.75374020394 -143.1584918388677 127.82870876889167 15.321840265942784 1411967.4806593095 -135.58212756846385 43.79456465389943 -663.17965363627 3423609.4385257936 15649168.365145696 -37462.55474907412 29.881116224183046 -0.007942645816385905 
60.79858718386814 -0.056965932572875765 -0.03282915495849032 0.031901285816210385 -46.96124436671019 0.3400225899641591 -0.2816750286969613 -0.03391769451783432 -3517.8300720353777 0.3371443060652384 -0.11023082243139358 1.651978986589887 -8289.817790039697 -37462.55474907412 89.68973514299104 -0.07154515892115215 1.9018944629048858e-05 
-0.029492755329433098 4.106672692144214e-05 2.6479282451622927e-05 -5.19265490670282e-05 0.032436393481265556 -0.00026911441546646086 0.00020562644293844505 2.4942025860308025e-05 2.913814095357241 -0.00027876384760081014 9.214209353183377e-05 -0.0013681203246129388 6.661708561975818 29.881116224183046 -0.07154515892115215 5.707620603498615e-05 -1.5173940592467113e-08 
2.819701153148772e-06 -9.759512309341416e-09 -7.1150612976163385e-09 2.079610819470714e-08 -7.2916846242569815e-06 7.097796536328423e-08 -4.96201995888579e-08 -6.074766540922539e-09 -0.0008030605445028385 7.670293803032748e-08 -2.5608090713503843e-08 3.770067099523446e-07 -0.0017822261323404214 -0.007942645816385905 1.9018944629048858e-05 -1.5173940592467113e-08 4.034396603109248e-12 
