1332.492 keV Photopeak

Fit:
10428.979218464181 6917.386398674616 4.660711155837266 5.199698890852639 1.433459611158518 -14594.40382009872 6.3366190117063645 -0.0009170376717872285 4.423596596700044e-08 

Covariance Matrix:
1466.1795328485505 -0.3971953143622471 0.09415536593032885 -0.8001831683106161 -303.67743079650467 -10162.170630260833 4.411233893850786 -0.0006382612818304893 3.078248587018947e-08 
-0.3971953143622471 0.0005086908752925738 -0.00023765605038476934 0.0004920347143227405 0.038773428380396595 7.623747809030077 -0.0033105442598538788 4.791792742870012e-07 -2.3118773418532975e-11 
0.09415536593032885 -0.00023765605038476934 0.00023494970375062554 -0.00023180213884525222 0.30614279527557386 -5.374855118852907 0.0023356355623187263 -3.383116382705527e-07 1.633423424733677e-11 
-0.8001831683106161 0.0004920347143227405 -0.00023180213884525222 0.0008222138437852009 -0.8694304204307118 11.870571450391587 -0.005152389010942859 7.454512337938244e-07 -3.5949999610038776e-11 
-303.67743079650467 0.038773428380396595 0.30614279527557386 -0.8694304204307118 2053501.8431953478 -94401.72692945685 40.77312427519926 -0.005894743442529162 2.843705671031424e-07 
-10162.170630260833 7.623747809030077 -5.374855118852907 11.870571450391587 -94401.72692945685 1485368.1342038526 -645.4799613178975 0.0934987161643142 -4.5143869047378795e-06 
4.411233893850786 -0.0033105442598538788 0.0023356355623187263 -0.005152389010942859 40.77312427519926 -645.4799613178975 0.2804996491798069 -4.063086515910369e-05 1.9617788856912836e-09 
-0.0006382612818304893 4.791792742870012e-07 -3.383116382705527e-07 7.454512337938244e-07 -0.005894743442529162 0.0934987161643142 -4.063086515910369e-05 5.885463513821337e-09 -2.8416822176257773e-13 
3.078248587018947e-08 -2.3118773418532975e-11 1.633423424733677e-11 -3.5949999610038776e-11 2.843705671031424e-07 -4.5143869047378795e-06 1.9617788856912836e-09 -2.8416822176257773e-13 1.3720539813723631e-17 
