1408.013 keV Photopeak

Net Area:
31155.02135495055 +/- 2560.2090646790607

Fit:
2603.343597853341 7309.362467752207 4.774266168917552 5.389059710422414 53.00836250657596 -6965.429595740354 2.861502281894254 -0.00039183704133407844 1.7884710289547825e-08 

Covariance Matrix:
1625.5807816500821 -4.560991520668818 8.060197590731548 -0.3645578934852941 -367.4928460659653 3441.0946179125494 -1.4160593962107073 0.0001942371821970833 -8.880683834562558e-09 
-4.560991520668818 0.016079748516147803 -0.027945609103542064 3.401374862218928e-05 0.8785427854344762 -16.93658384754907 0.006963480933160153 -9.543186517034013e-07 4.359394536618254e-11 
8.060197590731548 -0.027945609103542064 0.05346067443414109 0.0034395256962443384 -1.1167025321568733 43.03607167383988 -0.017680011827968328 2.421022098704078e-06 -1.1050489939858075e-10 
-0.3645578934852941 3.401374862218928e-05 0.0034395256962443384 0.00467051514794703 1.0277583119526705 22.196657090187884 -0.009104646190864743 1.2448098884389596e-06 -5.6729709160467915e-11 
-367.4928460659653 0.8785427854344762 -1.1167025321568733 1.0277583119526705 193385.52279395377 20649.14216757099 -8.502530840825854 0.0011649905562298632 -5.3184069354926155e-08 
3441.0946179125494 -16.93658384754907 43.03607167383988 22.196657090187884 20649.14216757099 1064855.3108043496 -437.3998916844765 0.05988763174353686 -2.733173774160867e-06 
-1.4160593962107073 0.006963480933160153 -0.017680011827968328 -0.009104646190864743 -8.502530840825854 -437.3998916844765 0.1796668935543679 -2.4599588476086494e-05 1.1226884694252869e-09 
0.0001942371821970833 -9.543186517034013e-07 2.421022098704078e-06 1.2448098884389596e-06 0.0011649905562298632 0.05988763174353686 -2.4599588476086494e-05 3.368130728050908e-09 -1.53716920368421e-13 
-8.880683834562558e-09 4.359394536618254e-11 -1.1050489939858075e-10 -5.6729709160467915e-11 -5.3184069354926155e-08 -2.733173774160867e-06 1.1226884694252869e-09 -1.53716920368421e-13 7.015453112668767e-18 
