1332.492 keV Photopeak

Fit:
10428.979218464181 6917.386398674616 4.660711155837266 5.199698890852639 1.433459611158518 -14594.40382009872 6.3366190117063645 -0.0009170376717872285 4.423596596700044e-08 

Covariance Matrix:
1466.1795328485498 -0.3971953143622471 0.09415536593032887 -0.8001831683106163 -303.67743079650444 -10162.170630260835 4.411233893850787 -0.0006382612818304888 3.078248587018947e-08 
-0.3971953143622471 0.0005086908752925736 -0.0002376560503847693 0.0004920347143227404 0.038773428380397 7.623747809030081 -0.00331054425985388 4.791792742870013e-07 -2.3118773418532978e-11 
0.09415536593032887 -0.0002376560503847693 0.00023494970375062557 -0.00023180213884525216 0.3061427952755734 -5.374855118852906 0.0023356355623187263 -3.383116382705528e-07 1.633423424733677e-11 
-0.8001831683106163 0.0004920347143227404 -0.00023180213884525216 0.0008222138437852008 -0.8694304204307103 11.870571450391594 -0.005152389010942859 7.454512337938244e-07 -3.594999961003876e-11 
-303.67743079650444 0.038773428380397 0.3061427952755734 -0.8694304204307103 2053501.843195348 -94401.72692945687 40.77312427519925 -0.005894743442529163 2.843705671031424e-07 
-10162.170630260835 7.623747809030081 -5.374855118852906 11.870571450391594 -94401.72692945687 1485368.134203853 -645.4799613178974 0.0934987161643142 -4.514386904737881e-06 
4.411233893850787 -0.00331054425985388 0.0023356355623187263 -0.005152389010942859 40.77312427519925 -645.4799613178974 0.2804996491798069 -4.0630865159103696e-05 1.9617788856912845e-09 
-0.0006382612818304888 4.791792742870013e-07 -3.383116382705528e-07 7.454512337938244e-07 -0.005894743442529163 0.0934987161643142 -4.0630865159103696e-05 5.885463513821338e-09 -2.8416822176257773e-13 
3.078248587018947e-08 -2.3118773418532978e-11 1.633423424733677e-11 -3.594999961003876e-11 2.843705671031424e-07 -4.514386904737881e-06 1.9617788856912845e-09 -2.8416822176257773e-13 1.372053981372363e-17 
