244.6974 keV Photopeak

Net Area:
92344.3103353085 +/- 1866.668321650594

Fit:
16075.734640200808 1270.8019819249012 2.2916557514665086 1.962682588497534 1352.8815485747582 -94007.24143344576 221.2641223469351 -0.17357222969254296 4.5382058717481235e-05 

Covariance Matrix:
62020.88279644085 -7.1607604323389 2.138341962973207 -18.390532545105216 920958.8044936233 -8787431.099914925 20673.73022542862 -16.213571251403305 0.004238439540418544 
-7.1607604323389 0.0010195485506537159 -0.0002939669674167506 0.002294782233240299 -110.4180940826118 1095.5269425327804 -2.576598886560434 0.002020092959159077 -5.279133217512141e-07 
2.138341962973207 -0.0002939669674167506 0.0002674074060802159 -0.0005968612119234834 14.941771971483446 -110.00488309750801 0.25983774338130095 -0.00020459857771553612 5.3699067026897645e-08 
-18.390532545105216 0.002294782233240299 -0.0005968612119234834 0.006015957645432342 -291.51960660183835 3291.288367932228 -7.741376518338429 0.006069683307831132 -1.5862788866440462e-06 
920958.8044936233 -110.4180940826118 14.941771971483446 -291.51960660183835 951305748.8262028 -206418413.63246626 482279.623390203 -377.4009158058753 0.09855791766038087 
-8787431.099914925 1095.5269425327804 -110.00488309750801 3291.288367932228 -206418413.63246626 3252723539.6699853 -7651862.4302557735 6000.310573061919 -1.5683589490920997 
20673.73022542862 -2.576598886560434 0.25983774338130095 -7.741376518338429 482279.623390203 -7651862.4302557735 18000.664433206206 -14.115501159446625 0.00368951417639078 
-16.213571251403305 0.002020092959159077 -0.00020459857771553612 0.006069683307831132 -377.4009158058753 6000.310573061919 -14.115501159446625 0.011068918834811202 -2.8932050095117747e-06 
0.004238439540418544 -5.279133217512141e-07 5.3699067026897645e-08 -1.5862788866440462e-06 0.09855791766038087 -1.5683589490920997 0.00368951417639078 -2.8932050095117747e-06 7.562307556912133e-10 
