1408.013 keV Photopeak

Fit:
2603.343597853341 7309.362467752207 4.774266168917552 5.389059710422414 53.00836250657596 -6965.429595740354 2.861502281894254 -0.00039183704133407844 1.7884710289547825e-08 

Covariance Matrix:
1625.5807816500806 -4.560991520668822 8.060197590731546 -0.3645578934852941 -367.4928460659652 3441.094617912546 -1.416059396210707 0.00019423718219708318 -8.880683834562556e-09 
-4.560991520668822 0.0160797485161478 -0.027945609103542053 3.401374862218728e-05 0.878542785434477 -16.93658384754908 0.006963480933160154 -9.543186517033998e-07 4.359394536618254e-11 
8.060197590731546 -0.027945609103542053 0.053460674434141084 0.0034395256962443405 -1.116702532156873 43.03607167383992 -0.01768001182796832 2.421022098704077e-06 -1.1050489939858089e-10 
-0.3645578934852941 3.401374862218728e-05 0.0034395256962443405 0.004670515147947029 1.0277583119526719 22.19665709018789 -0.009104646190864747 1.2448098884389596e-06 -5.6729709160467915e-11 
-367.4928460659652 0.878542785434477 -1.116702532156873 1.0277583119526719 193385.52279395377 20649.142167570983 -8.502530840825857 0.0011649905562298635 -5.318406935492616e-08 
3441.094617912546 -16.93658384754908 43.03607167383992 22.19665709018789 20649.142167570983 1064855.3108043498 -437.3998916844767 0.05988763174353686 -2.7331737741608667e-06 
-1.416059396210707 0.006963480933160154 -0.01768001182796832 -0.009104646190864747 -8.502530840825857 -437.3998916844767 0.17966689355436796 -2.4599588476086487e-05 1.1226884694252877e-09 
0.00019423718219708318 -9.543186517033998e-07 2.421022098704077e-06 1.2448098884389596e-06 0.0011649905562298635 0.05988763174353686 -2.4599588476086487e-05 3.368130728050908e-09 -1.53716920368421e-13 
-8.880683834562556e-09 4.359394536618254e-11 -1.1050489939858089e-10 -5.6729709160467915e-11 -5.318406935492616e-08 -2.7331737741608667e-06 1.1226884694252877e-09 -1.53716920368421e-13 7.015453112668768e-18 
