1528.1 keV Photopeak

Fit:
30.249651173599393 7931.825609903955 4.364277707997795 5.163540222772429 0.002122123719899114 51.7691022277507 -0.020111899395429123 2.602918758152362e-06 -1.1222628636674572e-10 

Covariance Matrix:
55.46764802645347 -4.249135097044617 12.232358686971029 -8.506563108101956 19.537823601795104 -8242.460478600558 3.1378657898570133 -0.00039817208486047316 1.68409321657476e-08 
-4.249135097044617 0.7045934994987191 -0.7555124541329197 1.3624105599893024 -2.6709677093905175 497.4054219924009 -0.18876622994724107 2.3878653457799784e-05 -1.0068545724302384e-09 
12.232358686971029 -0.7555124541329197 6.175857588936832 1.2555793214495734 -7.234430683203083 -1123.561686752684 0.4364063567387064 -5.646358585804001e-05 2.4335675056563677e-09 
-8.506563108101956 1.3624105599893024 1.2555793214495734 6.547975089222439 -21.08811394969649 3725.6498904201235 -1.4043362717803174 0.00017644511391261183 -7.389538868581031e-09 
19.537823601795104 -2.6709677093905175 -7.234430683203083 -21.08811394969649 22067.91135941185 -26869.53865822052 10.131317341487796 -0.0012735107080234752 5.336118332949305e-08 
-8242.460478600558 497.4054219924009 -1123.561686752684 3725.6498904201235 -26869.53865822052 11114350.540961742 -4205.020269442227 0.530308004550366 -2.2292779584246827e-05 
3.1378657898570133 -0.18876622994724107 0.4364063567387064 -1.4043362717803174 10.131317341487796 -4205.020269442227 1.5909578291257158 -0.00020064360747173936 8.43466692182818e-09 
-0.00039817208486047316 2.3878653457799784e-05 -5.646358585804001e-05 0.00017644511391261183 -0.0012735107080234752 0.530308004550366 -0.00020064360747173936 2.530454641689028e-08 -1.0637699941593076e-12 
1.68409321657476e-08 -1.0068545724302384e-09 2.4335675056563677e-09 -7.389538868581031e-09 5.336118332949305e-08 -2.2292779584246827e-05 8.43466692182818e-09 -1.0637699941593076e-12 4.4720173871342044e-17 
