276.3989 keV Photopeak

Net Area:
99799.46301471646 +/- 8177.125586554761

Fit:
15693.256668724129 1435.0437945855872 2.5370276035360573 0.29998081932968046 44.70483400853892 -82578.64325159148 170.06070622768212 -0.11669767082749455 2.6684310218536234e-05 

Covariance Matrix:
1029104.3593630663 -104.71511901936032 39.94521715683095 -784.0815464097657 3448267.121880285 -153382652.46186337 320232.8597781245 -222.8591986459496 0.05169678783328872 
-104.71511901936032 0.011076826521673312 -0.003516264541376796 0.0806992802519021 -347.0505545477319 15656.411926850154 -32.66978827220267 0.02272347008443853 -5.268302105869309e-06 
39.94521715683095 -0.003516264541376796 0.004213806639265793 -0.02722078502579669 41.607034468260046 -4187.877456048567 8.80920882931197 -0.006176347747951549 1.4433622778340863e-06 
-784.0815464097657 0.0806992802519021 -0.02722078502579669 0.613741879256002 -2363.00072158232 118590.34353533859 -247.49847544521236 0.1721746984213993 -3.9923980463043894e-05 
3448267.121880285 -347.0505545477319 41.607034468260046 -2363.00072158232 1050589164.9086951 -881535997.828254 1835503.812491173 -1275.310895095516 0.29543553191912636 
-153382652.46186337 15656.411926850154 -4187.877456048567 118590.34353533859 -881535997.828254 31896288825.001545 -66547497.27291666 46280.743853450134 -10.728468694882555 
320232.8597781245 -32.66978827220267 8.80920882931197 -247.49847544521236 1835503.812491173 -66547497.27291666 138844.50432129504 -96.56120767436346 0.0223844021154831 
-222.8591986459496 0.02272347008443853 -0.006176347747951549 0.1721746984213993 -1275.310895095516 46280.743853450134 -96.56120767436346 0.0671555764708416 -1.5567909721374554e-05 
0.05169678783328872 -5.268302105869309e-06 1.4433622778340863e-06 -3.9923980463043894e-05 0.29543553191912636 -10.728468694882555 0.0223844021154831 -1.5567909721374554e-05 3.6089756792010038e-09 
