276.3989 keV Photopeak

Fit:
15686.45726641972 1435.0583482889526 2.5352267592324313 0.29199742884723523 1934.7332566288533 -238998.9977336754 496.966240753833 -0.3444299190467326 7.956491351034839e-05 

Covariance Matrix:
783004.6802005835 -80.17200086807472 28.48193718853635 -533.3348447945431 -440347.06489989243 -86556940.6022638 180651.62168181935 -125.67342953481119 0.029141263087510687 
-80.17200086807472 0.008461268675395085 -0.002980643719034834 0.05494396340855328 76.56961917652424 8654.559235357172 -18.061162337183635 0.01256337590832638 -2.9129279214607208e-06 
28.48193718853635 -0.002980643719034834 0.00129442121892469 -0.01938740476945232 -16.096275309811258 -3255.915066870244 6.798102113991811 -0.004731126609208747 1.0975020178665635e-06 
-533.3348447945431 0.05494396340855328 -0.01938740476945232 0.37207958446308814 348.92594594303966 57941.90233786259 -120.9167990449181 0.0841088296774943 -1.9501119758614435e-05 
-440347.06489989243 76.56961917652424 -16.096275309811258 348.92594594303966 1059573731.7371541 -145190153.0445983 300431.08280443796 -208.62770763712834 0.04837398414748446 
-86556940.6022638 8654.559235357172 -3255.915066870244 57941.90233786259 -145190153.0445983 13456861457.557709 -28097505.55891241 19555.152981772306 -4.536500661144576 
180651.62168181935 -18.061162337183635 6.798102113991811 -120.9167990449181 300431.08280443796 -28097505.55891241 58666.85176836132 -40.830738296191406 0.009472137301960648 
-125.67342953481119 0.01256337590832638 -0.004731126609208747 0.0841088296774943 -208.62770763712834 19555.152981772306 -40.830738296191406 0.02841729095301852 -6.592413169689189e-06 
0.029141263087510687 -2.9129279214607208e-06 1.0975020178665635e-06 -1.9501119758614435e-05 0.04837398414748446 -4.536500661144576 0.009472137301960648 -6.592413169689189e-06 1.5293509540015617e-09 
