302.0129 keV Photopeak

Net Area:
185909.78226514332 +/- 2554.9768985062606

Fit:
29904.094285043557 1572.612740626616 2.4801711691661112 1.8674504871761808 0.06119367328602024 -246346.00282536534 469.2229601219095 -0.29788975934831985 6.303467329148476e-05 

Covariance Matrix:
95858.037931074 -5.750733780691876 2.2893247675598842 -14.297171391178217 -258867.87114756386 -10937601.944855534 20837.960290697665 -13.232520602886899 0.0028008567440262126 
-5.750733780691876 0.00042136244477199364 -0.00016426321391298463 0.0009167984320590154 24.814010938798017 627.8781128249325 -1.1958886524097896 0.0007591962023258533 -1.6064834061670496e-07 
2.2893247675598842 -0.00016426321391298463 0.00012432728359606658 -0.00036191731518111505 0.8995901357437404 -281.1982475079257 0.5363201779500056 -0.00034095803287177934 7.225071612588006e-08 
-14.297171391178217 0.0009167984320590154 -0.00036191731518111505 0.002293593600895661 23.84722438189453 1816.682403135649 -3.4602599202768505 0.0021968292034785044 -4.6488495561776267e-07 
-258867.87114756386 24.814010938798017 0.8995901357437404 23.84722438189453 1623166048.7021303 -80635348.03839202 149886.95454429238 -94.47379473186852 0.01993528592918628 
-10937601.944855534 627.8781128249325 -281.1982475079257 1816.682403135649 -80635348.03839202 2975849290.348036 -5671670.546926572 3603.180254951502 -0.7630070012546389 
20837.960290697665 -1.1958886524097896 0.5363201779500056 -3.4602599202768505 149886.95454429238 -5671670.546926572 10809.683340011401 -6.867357174034122 0.001454232287622456 
-13.232520602886899 0.0007591962023258533 -0.00034095803287177934 0.0021968292034785044 -94.47379473186852 3603.180254951502 -6.867357174034122 0.004362826055449389 -9.238758784583589e-07 
0.0028008567440262126 -1.6064834061670496e-07 7.225071612588006e-08 -4.6488495561776267e-07 0.01993528592918628 -0.7630070012546389 0.001454232287622456 -9.238758784583589e-07 1.9564147871917825e-10 
