344.2785 keV Photopeak

Fit:
33903.61667827191 1787.7234137588214 2.5687821017277668 2.1232652344214835 46.85247569385732 -183020.54579050242 306.0640604692292 -0.17059541446555562 3.1693483959495515e-05 

Covariance Matrix:
76421.67806157358 -4.440297572450969 1.7204316708301441 -10.854455807173249 166646.10233711812 -14392764.061751192 24126.726705972244 -13.481021309209034 0.0025108147076357804 
-4.440297572450969 0.0003351531692607864 -0.00013208878307868397 0.000687772257324973 0.4122348058782601 812.782332845235 -1.3622085213504436 0.0007609895869179706 -1.4170326308289158e-07 
1.7204316708301441 -0.00013208878307868397 0.00010587421445570593 -0.0002686633950291268 7.819444572439977 -353.2603326389276 0.5927828456122511 -0.00033156633854411385 6.181785869823707e-08 
-10.854455807173249 0.000687772257324973 -0.0002686633950291268 0.00169286964089631 -26.103924037045914 2287.569952305219 -3.8338893045888907 0.002141778740967058 -3.988199025607194e-07 
166646.10233711812 0.4122348058782601 7.819444572439977 -26.103924037045914 765232693.3132675 -124143812.69237426 206877.15295919086 -115.44313301364755 0.021497864881639225 
-14392764.061751192 812.782332845235 -353.2603326389276 2287.569952305219 -124143812.69237426 5433079719.615822 -9110209.239564966 5091.967810192213 -0.948664158242959 
24126.726705972244 -1.3622085213504436 0.5927828456122511 -3.8338893045888907 206877.15295919086 -9110209.239564966 15276.074969750476 -8.538276031584035 0.0015907361013774845 
-13.481021309209034 0.0007609895869179706 -0.00033156633854411385 0.002141778740967058 -115.44313301364755 5091.967810192213 -8.538276031584035 0.004772321614314002 -8.891166705804159e-07 
0.0025108147076357804 -1.4170326308289158e-07 6.181785869823707e-08 -3.988199025607194e-07 0.021497864881639225 -0.948664158242959 0.0015907361013774845 -8.891166705804159e-07 1.656490339167781e-10 
