344.2785 keV Photopeak

Net Area:
218304.77235791905 +/- 2412.5484105881847

Fit:
33903.61667827191 1787.7234137588214 2.5687821017277668 2.1232652344214835 46.85247569385732 -183020.54579050242 306.0640604692292 -0.17059541446555562 3.1693483959495515e-05 

Covariance Matrix:
76421.67806157362 -4.4402975724509695 1.7204316708301437 -10.854455807173244 166646.10233711812 -14392764.061751196 24126.726705972244 -13.481021309209037 0.002510814707635779 
-4.4402975724509695 0.0003351531692607864 -0.00013208878307868402 0.0006877722573249728 0.4122348058782627 812.7823328452353 -1.3622085213504431 0.0007609895869179709 -1.417032630828916e-07 
1.7204316708301437 -0.00013208878307868402 0.00010587421445570596 -0.00026866339502912675 7.819444572439969 -353.2603326389274 0.5927828456122509 -0.000331566338544114 6.181785869823708e-08 
-10.854455807173244 0.0006877722573249728 -0.00026866339502912675 0.0016928696408963092 -26.103924037045942 2287.569952305218 -3.83388930458889 0.0021417787409670585 -3.988199025607191e-07 
166646.10233711812 0.4122348058782627 7.819444572439969 -26.103924037045942 765232693.3132675 -124143812.6923743 206877.1529591908 -115.44313301364758 0.02149786488163922 
-14392764.061751196 812.7823328452353 -353.2603326389274 2287.569952305218 -124143812.6923743 5433079719.615823 -9110209.239564966 5091.967810192212 -0.9486641582429591 
24126.726705972244 -1.3622085213504431 0.5927828456122509 -3.83388930458889 206877.1529591908 -9110209.239564966 15276.074969750476 -8.538276031584035 0.0015907361013774842 
-13.481021309209037 0.0007609895869179709 -0.000331566338544114 0.0021417787409670585 -115.44313301364758 5091.967810192212 -8.538276031584035 0.004772321614314003 -8.891166705804159e-07 
0.002510814707635779 -1.417032630828916e-07 6.181785869823708e-08 -3.988199025607191e-07 0.02149786488163922 -0.9486641582429591 0.0015907361013774842 -8.891166705804159e-07 1.6564903391677818e-10 
