356.0192 keV Photopeak

Net Area:
479377.3054711528 +/- 2654.253605440864

Fit:
74277.3687866192 1848.6941904463463 2.574726037573477 2.2528748294648007 36.355360483518275 -278294.4374033515 449.49504890298573 -0.24198170235937141 4.341904197591167e-05 

Covariance Matrix:
87504.86973305592 -2.3445227608278625 0.9252172553039659 -5.399634478290936 501840.5567921152 -13204376.024870412 21412.506314219383 -11.57432880107681 0.0020854222019535762 
-2.3445227608278625 9.6300172957314e-05 -3.932904388852658e-05 0.000169943517064458 -18.053529599986216 351.5326875271666 -0.569860026852734 0.0003079305965461449 -5.5463557930715733e-08 
0.9252172553039659 -3.932904388852658e-05 3.429793174044884e-05 -6.927822714863947e-05 1.7272770048330162 -180.73349631971092 0.29345718518346153 -0.0001588259088487903 2.8652745200798097e-08 
-5.399634478290936 0.000169943517064458 -6.927822714863947e-05 0.00038783146216024523 -41.18478635493081 967.3587705655104 -1.5682403894688282 0.0008474565342014353 -1.5264834000107334e-07 
501840.5567921152 -18.053529599986216 1.7272770048330162 -41.18478635493081 997263083.2188228 -144919824.23942822 232987.43735209684 -125.47478878464987 0.02255211321398065 
-13204376.024870412 351.5326875271666 -180.73349631971092 967.3587705655104 -144919824.23942822 5047644614.583331 -8189484.503604432 4428.959525403232 -0.7983944749230377 
21412.506314219383 -0.569860026852734 0.29345718518346153 -1.5682403894688282 232987.43735209684 -8189484.503604432 13286.969058630844 -7.185757453321315 0.001295358061511006 
-11.57432880107681 0.0003079305965461449 -0.0001588259088487903 0.0008474565342014353 -125.47478878464987 4428.959525403232 -7.185757453321315 0.003886159616673525 -7.005503529760295e-07 
0.0020854222019535762 -5.5463557930715733e-08 2.8652745200798097e-08 -1.5264834000107334e-07 0.02255211321398065 -0.7983944749230377 0.001295358061511006 -7.005503529760295e-07 1.2628725336023206e-10 
