356.0192 keV Photopeak

Fit:
74277.3687866192 1848.6941904463463 2.574726037573477 2.2528748294648007 36.355360483518275 -278294.4374033515 449.49504890298573 -0.24198170235937141 4.341904197591167e-05 

Covariance Matrix:
87504.86973305594 -2.344522760827863 0.9252172553039663 -5.399634478290936 501840.5567921153 -13204376.024870405 21412.50631421939 -11.574328801076804 0.0020854222019535762 
-2.344522760827863 9.630017295731403e-05 -3.932904388852657e-05 0.000169943517064458 -18.053529599986213 351.5326875271666 -0.569860026852734 0.0003079305965461449 -5.546355793071575e-08 
0.9252172553039663 -3.932904388852657e-05 3.429793174044882e-05 -6.92782271486395e-05 1.7272770048330144 -180.73349631971092 0.29345718518346153 -0.00015882590884879028 2.865274520079809e-08 
-5.399634478290936 0.000169943517064458 -6.92782271486395e-05 0.0003878314621602453 -41.1847863549308 967.3587705655107 -1.5682403894688284 0.0008474565342014352 -1.5264834000107334e-07 
501840.5567921153 -18.053529599986213 1.7272770048330144 -41.1847863549308 997263083.2188228 -144919824.23942813 232987.43735209684 -125.47478878464995 0.02255211321398065 
-13204376.024870405 351.5326875271666 -180.73349631971092 967.3587705655107 -144919824.23942813 5047644614.583331 -8189484.503604428 4428.959525403232 -0.7983944749230377 
21412.50631421939 -0.569860026852734 0.29345718518346153 -1.5682403894688284 232987.43735209684 -8189484.503604428 13286.969058630848 -7.185757453321316 0.0012953580615110063 
-11.574328801076804 0.0003079305965461449 -0.00015882590884879028 0.0008474565342014352 -125.47478878464995 4428.959525403232 -7.185757453321316 0.003886159616673526 -7.005503529760293e-07 
0.0020854222019535762 -5.546355793071575e-08 2.865274520079809e-08 -1.5264834000107334e-07 0.02255211321398065 -0.7983944749230377 0.0012953580615110063 -7.005503529760293e-07 1.2628725336023209e-10 
