383.8485 keV Photopeak

Fit:
9783.638108318726 1993.0830282816005 2.66376280584367 2.1153309445826514 3163.7959615075906 1981.4656312028403 -3.720264662311235 0.002237682820207994 -4.36464552018771e-07 

Covariance Matrix:
39829.588744326116 -7.8324094380124984 3.21643813011802 -24.08651766361687 -79704.76043299724 -6875255.368821397 10339.337938751005 -5.182764559508 0.0008659597163887105 
-7.8324094380124984 0.0019506743528442268 -0.0007571408442597301 0.00496685377445771 16.687367753085088 1213.2891094452218 -1.8233751565971132 0.0009133787050834138 -1.525077616789077e-07 
3.21643813011802 -0.0007571408442597301 0.0006091995056980947 -0.0019470514083448852 -9.533451382511439 -613.3989419621461 0.9235333751052207 -0.00046347520663360723 7.75297128796462e-08 
-24.08651766361687 0.00496685377445771 -0.0019470514083448852 0.017114236496680042 17.844551866113584 4210.004404603944 -6.328354275606785 0.003170775080042462 -5.295506759597649e-07 
-79704.76043299724 16.687367753085088 -9.533451382511439 17.844551866113584 109097617.5175999 77870378.59045048 -117354.81590571362 58.89692595894857 -0.009850373569327376 
-6875255.368821397 1213.2891094452218 -613.3989419621461 4210.004404603944 77870378.59045048 3225079474.082158 -4852745.755083474 2433.8715581184483 -0.4068891172135248 
10339.337938751005 -1.8233751565971132 0.9235333751052207 -6.328354275606785 -117354.81590571362 -4852745.755083474 7301.909515062189 -3.6622530381930556 0.0006122496576852716 
-5.182764559508 0.0009133787050834138 -0.00046347520663360723 0.003170775080042462 58.89692595894857 2433.8715581184483 -3.6622530381930556 0.0018368006811990164 -3.070746883420668e-07 
0.0008659597163887105 -1.525077616789077e-07 7.75297128796462e-08 -5.295506759597649e-07 -0.009850373569327376 -0.4068891172135248 0.0006122496576852716 -3.070746883420668e-07 5.133668193130819e-11 
