383.8485 keV Photopeak

Fit:
9783.638108318726 1993.0830282816005 2.66376280584367 2.1153309445826514 3163.7959615075906 1981.4656312028403 -3.720264662311235 0.002237682820207994 -4.36464552018771e-07 

Covariance Matrix:
39829.5887443261 -7.832409438012498 3.2164381301180183 -24.086517663616856 -79704.76043299722 -6875255.368821398 10339.337938751003 -5.1827645595080005 0.0008659597163887101 
-7.832409438012498 0.0019506743528442268 -0.00075714084425973 0.00496685377445771 16.687367753085102 1213.289109445222 -1.8233751565971132 0.000913378705083414 -1.5250776167890767e-07 
3.2164381301180183 -0.00075714084425973 0.000609199505698095 -0.0019470514083448848 -9.53345138251146 -613.3989419621463 0.9235333751052207 -0.00046347520663360734 7.752971287964622e-08 
-24.086517663616856 0.00496685377445771 -0.0019470514083448848 0.017114236496680042 17.844551866113584 4210.004404603944 -6.328354275606785 0.003170775080042462 -5.295506759597649e-07 
-79704.76043299722 16.687367753085102 -9.53345138251146 17.844551866113584 109097617.51759991 77870378.59045048 -117354.8159057136 58.896925958948586 -0.009850373569327376 
-6875255.368821398 1213.289109445222 -613.3989419621463 4210.004404603944 77870378.59045048 3225079474.0821586 -4852745.755083474 2433.8715581184483 -0.4068891172135248 
10339.337938751003 -1.8233751565971132 0.9235333751052207 -6.328354275606785 -117354.8159057136 -4852745.755083474 7301.909515062191 -3.662253038193056 0.0006122496576852716 
-5.1827645595080005 0.000913378705083414 -0.00046347520663360734 0.003170775080042462 58.896925958948586 2433.8715581184483 -3.662253038193056 0.0018368006811990169 -3.070746883420668e-07 
0.0008659597163887101 -1.5250776167890767e-07 7.752971287964622e-08 -5.295506759597649e-07 -0.009850373569327376 -0.4068891172135248 0.0006122496576852716 -3.070746883420668e-07 5.133668193130819e-11 
