411.1165 keV Photopeak

Net Area:
12920.129965935423 +/- 2099.8907438940446

Fit:
1964.4190698838968 2134.867026531345 2.6238729763490856 2.7360763775748693 0.5517390780289322 23279.746134185596 -32.72475439357169 0.015334376336769845 -2.395090269872177e-06 

Covariance Matrix:
50465.19048058826 -44.49651484630805 22.05010370665826 -201.8670440141412 -46927.0000297826 -14711417.93150087 20667.064645796338 -9.677713875024203 0.0015105571943456219 
-44.49651484630805 0.04517832995756546 -0.02069811630858195 0.18568422160280076 82.6407611168974 15089.415234852831 -21.189704563044874 0.009918506198748976 -1.5475250468332329e-06 
22.05010370665826 -0.02069811630858195 0.013948558745560011 -0.08605961973312441 -24.1297319244335 -6285.848955456716 8.83699380012531 -0.004141089935250366 6.46837355901501e-07 
-201.8670440141412 0.18568422160280076 -0.08605961973312441 0.8652693755115397 468.46892080281197 76525.02631408612 -107.46538870782555 0.05030403072226287 -7.84887299085844e-06 
-46927.0000297826 82.6407611168974 -24.1297319244335 468.46892080281197 87608344.96702543 210669799.15647525 -295853.03228848515 138.45538067131577 -0.021596744096178944 
-14711417.93150087 15089.415234852831 -6285.848955456716 76525.02631408612 210669799.15647525 17274320283.33018 -24257254.824695855 11354.051289989233 -1.7714589520034982 
20667.064645796338 -21.189704563044874 8.83699380012531 -107.46538870782555 -295853.03228848515 -24257254.824695855 34063.01642171552 -15.94384548560079 0.002487563018799509 
-9.677713875024203 0.009918506198748976 -0.004141089935250366 0.05030403072226287 138.45538067131577 11354.051289989233 -15.94384548560079 0.0074628347273289364 -1.1643555410823852e-06 
0.0015105571943456219 -1.5475250468332329e-06 6.46837355901501e-07 -7.84887299085844e-06 -0.021596744096178944 -1.7714589520034982 0.002487563018799509 -1.1643555410823852e-06 1.816637112096426e-10 
