411.1165 keV Photopeak

Fit:
1964.4190698838968 2134.867026531345 2.6238729763490856 2.7360763775748693 0.5517390780289322 23279.746134185596 -32.72475439357169 0.015334376336769845 -2.395090269872177e-06 

Covariance Matrix:
50465.19048058829 -44.49651484630807 22.050103706658252 -201.8670440141412 -46927.00002978268 -14711417.931500867 20667.064645796338 -9.677713875024203 0.001510557194345622 
-44.49651484630807 0.04517832995756546 -0.02069811630858195 0.18568422160280082 82.64076111689737 15089.41523485283 -21.189704563044867 0.009918506198748976 -1.5475250468332329e-06 
22.050103706658252 -0.02069811630858195 0.013948558745560013 -0.08605961973312443 -24.129731924433518 -6285.848955456716 8.836993800125304 -0.004141089935250368 6.46837355901501e-07 
-201.8670440141412 0.18568422160280082 -0.08605961973312443 0.8652693755115397 468.4689208028121 76525.02631408612 -107.46538870782554 0.05030403072226287 -7.84887299085844e-06 
-46927.00002978268 82.64076111689737 -24.129731924433518 468.4689208028121 87608344.96702543 210669799.15647528 -295853.03228848515 138.45538067131577 -0.021596744096178944 
-14711417.931500867 15089.41523485283 -6285.848955456716 76525.02631408612 210669799.15647528 17274320283.33018 -24257254.824695855 11354.051289989235 -1.7714589520034982 
20667.064645796338 -21.189704563044867 8.836993800125304 -107.46538870782554 -295853.03228848515 -24257254.824695855 34063.01642171552 -15.94384548560079 0.002487563018799509 
-9.677713875024203 0.009918506198748976 -0.004141089935250368 0.05030403072226287 138.45538067131577 11354.051289989235 -15.94384548560079 0.0074628347273289364 -1.1643555410823852e-06 
0.001510557194345622 -1.5475250468332329e-06 6.46837355901501e-07 -7.84887299085844e-06 -0.021596744096178944 -1.7714589520034982 0.002487563018799509 -1.1643555410823852e-06 1.816637112096426e-10 
