443.9606 keV Photopeak

Fit:
2612.4290376552085 2305.259609929934 2.7805085350435927 2.397120841465808 379.1006140241171 -50981.794503379395 66.35540533929566 -0.028786961237915742 4.162781720530249e-06 

Covariance Matrix:
39603.57519221084 -26.69704079067593 10.944752273437421 -112.78040824827724 134110.90792032646 -7882307.155136768 10252.371929562169 -4.444978988747258 0.0006423715381881673 
-26.69704079067593 0.021540274549546466 -0.007614118369242908 0.07819834483137983 -56.983661242129756 3937.5226561134787 -5.113362971486493 0.0022134004343192094 -3.193600127769654e-07 
10.944752273437421 -0.007614118369242908 0.005785318087841494 -0.029510741752509964 56.126081941489595 -3008.4625282612587 3.9190861372928083 -0.0017017712129813335 2.4631461958982114e-07 
-112.78040824827724 0.07819834483137983 -0.029510741752509964 0.3563241413833915 -409.87684980407323 18853.721530942392 -24.501599351512947 0.010613668654305155 -1.532520704192959e-06 
134110.90792032646 -56.983661242129756 56.126081941489595 -409.87684980407323 34927432.91236337 -29564491.058864743 38536.11930803725 -16.754406262298968 0.0024284570940370995 
-7882307.155136768 3937.5226561134787 -3008.4625282612587 18853.721530942392 -29564491.058864743 5578964581.637346 -7268513.38006073 3156.541271509378 -0.45693060029783045 
10252.371929562169 -5.113362971486493 3.9190861372928083 -24.501599351512947 38536.11930803725 -7268513.38006073 9469.77379437205 -4.112515098417842 0.0005953170214808113 
-4.444978988747258 0.0022134004343192094 -0.0017017712129813335 0.010613668654305155 -16.754406262298968 3156.541271509378 -4.112515098417842 0.0017859834522041297 -2.585355394542785e-07 
0.0006423715381881673 -3.193600127769654e-07 2.4631461958982114e-07 -1.532520704192959e-06 0.0024284570940370995 -0.45693060029783045 0.0005953170214808113 -2.585355394542785e-07 3.7425283587038744e-11 
